[Map1]
Window : (300, 300)    

ArmBase : (150, 300)   

ArmLinks : [
                (100, 90, 0, (0, 180)),    
                (50, 60, 0, (-150, 150)),                 
           ]

Obstacles : [
                (165, 170, 10),     
                (135, 170, 10)
            ]

Goals : [
            (150, 150, 10)          
        ]



[Map2]
Window : (300, 300)

ArmBase : (150, 300)

ArmLinks : [
                (100, 90, 2, (0, 180)), 
                (80, 60, 1, (-150, 150)),                 
           ]

Obstacles : [
                (150, 170, 10), 
                (130, 170, 10),
                (180, 150, 10)
            ]

Goals : [
            (155, 150, 10)
        ]

[Map3]
Window : (600, 600)    

ArmBase : (300, 590)   

ArmLinks : [
                (150, 0, 1, (0, 180)),    
                (100, 18, 0, (-160, 160)),                 
           ]

Obstacles : [
                (380, 420, 10),    
                (300, 375, 10),      
                (325, 400, 10),    
            ]

Goals : [
            (350, 375, 10)          
        ]


[Map4]
Window : (600, 600)    

ArmBase : (300, 590)   

ArmLinks : [
                (150, 0, 2, (0, 180)),    
                (100, 160, 2, (-160, 160)),                 
           ]

Obstacles : [
                (550, 550, 10),    
                (500, 525, 10),      
                (250, 550, 10),    
                (320, 450, 10),
            ]

Goals : [
            (525, 530, 10)          
        ]
