[Map1]
Window : (300, 300)

ArmBase : (160, 300)

ArmLinks : [
                (100, 90, 2, (0, 180)), 
                (50, 0, 2, (-120, 120)), 
                (25, 0, 0, (-150, 150)), 
            ]

Obstacles : [
                (130, 170, 10),
                (120, 200, 10),
                (140, 230, 10)
            ]

Goals : [
            (120, 250, 10)
        ]


[Map2]
Window : (400, 300)    

ArmBase : (300, 300)   

ArmLinks : [
                (100, 90, 5, (45, 180)),    
                (50, 0, 2, (0, 90)),                 
                (25, 0, 1, (0, 90)),                 
           ]

Obstacles : [
                (220, 180, 5),
                (180, 180, 5),
                (180, 220, 5),
                (220, 220, 5),
                (240, 180, 5),
                (160, 180, 5),
                (160, 220, 5),
                (240, 220, 5),
                (240, 160, 5),
                (160, 160, 5),
                (160, 240, 5),
                (240, 240, 5),
                (230, 170, 5),
                (170, 170, 5),
                (170, 230, 5),
                (230, 230, 5),
                (200, 170, 5),
                (200, 150, 5),
                (200, 230, 5),
                (200, 250, 5),
                (150, 200, 5),
                (170, 200, 5),
                (250, 210, 5),

            ]

Goals : [
            (200, 200, 20)          
        ]

[Map3]
Window : (300, 300)

ArmBase : (150, 300)

ArmLinks : [
                (100, 90, 2, (0, 180)), 
           ]

Obstacles : [
                (120, 240, 10),
            ]

Goals : [
            (80, 220, 10)
        ]
